  34   29   32   45   56   93   60   47   50   53 
  31   44   35   94   59   46   55   52   61   48 
  28   33   30   57   96   81   92   49   54   51 
  43   36   95   80   87   58   97   64   83   62 
  40   27   42   77   98   91   82   85   72   65 
  37   76   39   88   79   86   71  100   63   84 
  26   41   78   75   70   99   90   73   66   11 
   3   38    5   22   89   74   67   12   15   18 
   6   25    2   69    8   23   20   17   10   13 
   1    4    7   24   21   68    9   14   19   16 
